function mgc = NA-154_Open

%% required global data
mgc.gas_specific_gravity = 0.600000000;
mgc.specific_heat_capacity_ratio = 1.400000000;  % unitless
mgc.temperature = 288.710000000;  % K
mgc.compressibility_factor = 0.800000000;  % unitless
mgc.units = 'si';

%% optional global data (that was either provided or computed based on required global data)
mgc.sound_speed = 312.805000000;  % m/s
mgc.R = 8.314000000;  % J/(mol K)
mgc.base_pressure = 2068000.000000000;  % Pa
mgc.base_length = 1000.000000000;  % m
mgc.is_per_unit = 1;

%% junction data
% id	p_min	p_max	p_nominal	junction_type	status	pipeline_name	edi_id	lat	lon
mgc.junction = [
1	1.000000000	2.834139265	1.000000000	0	1	'NA-154 Gas Transmission Co.'	0	35.145100000	-118.834000000
3	1.000000000	2.834139265	1.000000000	0	1	'NA-154 Gas Transmission Co.'	0	35.158300000	-118.819800000
4	1.000000000	2.834139265	1.000000000	0	1	'NA-154 Gas Transmission Co.'	0	35.194800000	-118.815700000
6	1.000000000	2.834139265	1.000000000	0	1	'NA-154 Gas Transmission Co.'	0	35.312500000	-118.819800000
8	1.000000000	2.834139265	1.000000000	0	1	'NA-154 Gas Transmission Co.'	0	35.337400000	-118.858300000
10	1.000000000	2.834139265	1.000000000	0	1	'NA-154 Gas Transmission Co.'	0	35.357300000	-118.884700000
11	1.000000000	2.834139265	1.000000000	0	1	'NA-154 Gas Transmission Co.'	0	35.388800000	-118.978100000
12	1.000000000	2.834139265	1.000000000	0	1	'NA-154 Gas Transmission Co.'	0	35.394900000	-118.975700000
14	1.000000000	2.834139265	1.000000000	0	1	'NA-154 Gas Transmission Co.'	0	35.395400000	-118.975500000
16	1.000000000	2.834139265	1.000000000	0	1	'NA-154 Gas Transmission Co.'	0	35.420300000	-118.965900000
18	1.000000000	2.834139265	1.000000000	0	1	'NA-154 Gas Transmission Co.'	0	35.423900000	-118.966900000
19	1.000000000	2.834139265	1.000000000	0	1	'NA-154 Gas Transmission Co.'	0	35.434700000	-118.970000000
20	1.000000000	2.834139265	1.000000000	0	1	'NA-154 Gas Transmission Co.'	0	35.447900000	-118.973700000
22	1.000000000	2.834139265	1.000000000	0	1	'NA-154 Gas Transmission Co.'	0	35.428700000	-118.968300000
23	1.000000000	2.834139265	1.000000000	0	1	'NA-154 Gas Transmission Co.'	0	35.452000000	-118.974800000
24	1.000000000	2.834139265	1.000000000	0	1	'NA-154 Gas Transmission Co.'	0	35.454200000	-118.975500000
27	1.000000000	2.834139265	1.000000000	0	1	'NA-154 Gas Transmission Co.'	0	35.433400000	-118.969600000
31	1.000000000	2.834139265	1.000000000	0	1	'NA-154 Gas Transmission Co.'	0	35.455300000	-118.975800000
32	1.000000000	2.834139265	1.000000000	0	1	'NA-154 Gas Transmission Co.'	0	35.463400000	-118.978100000
36	1.000000000	2.834139265	1.000000000	0	1	'NA-154 Gas Transmission Co.'	0	35.484000000	-118.994500000
37	1.000000000	2.834139265	1.000000000	0	1	'NA-154 Gas Transmission Co.'	0	35.496300000	-119.004300000
38	1.000000000	2.834139265	1.000000000	0	1	'NA-154 Gas Transmission Co.'	0	35.496500000	-119.004500000
42	1.000000000	2.834139265	1.000000000	0	1	'NA-154 Gas Transmission Co.'	0	35.126800000	-118.787300000
44	1.000000000	2.834139265	1.000000000	0	1	'NA-154 Gas Transmission Co.'	0	35.131800000	-118.758900000
46	1.000000000	2.834139265	1.000000000	0	1	'NA-154 Gas Transmission Co.'	0	35.107000000	-118.726400000
48	1.000000000	2.834139265	1.000000000	0	1	'NA-154 Gas Transmission Co.'	0	35.055600000	-118.876600000
49	1.000000000	2.834139265	1.000000000	0	1	'NA-154 Gas Transmission Co.'	0	35.148400000	-119.438800000
50	1.000000000	2.834139265	1.000000000	0	1	'NA-154 Gas Transmission Co.'	0	35.185300000	-119.515700000
51	1.000000000	2.834139265	1.000000000	0	1	'NA-154 Gas Transmission Co.'	0	35.280700000	-119.588100000
52	1.000000000	2.834139265	1.000000000	0	1	'NA-154 Gas Transmission Co.'	0	35.281500000	-119.589200000
53	1.000000000	2.834139265	1.000000000	0	1	'NA-154 Gas Transmission Co.'	0	35.129600000	-119.417800000
54	1.000000000	2.834139265	1.000000000	0	1	'NA-154 Gas Transmission Co.'	0	35.129900000	-119.418200000
55	1.000000000	2.834139265	1.000000000	0	1	'NA-154 Gas Transmission Co.'	0	35.290300000	-119.603200000
56	1.000000000	2.834139265	1.000000000	0	1	'NA-154 Gas Transmission Co.'	0	35.305900000	-119.629600000
57	1.000000000	2.834139265	1.000000000	0	1	'NA-154 Gas Transmission Co.'	0	35.276200000	-119.582000000
59	1.000000000	2.834139265	1.000000000	0	1	'NA-154 Gas Transmission Co.'	0	35.267000000	-119.571900000
61	1.000000000	2.834139265	1.000000000	0	1	'NA-154 Gas Transmission Co.'	0	35.257500000	-119.568200000
63	1.000000000	2.834139265	1.000000000	0	1	'NA-154 Gas Transmission Co.'	0	35.250800000	-119.565500000
64	1.000000000	2.834139265	1.000000000	0	1	'NA-154 Gas Transmission Co.'	0	35.251700000	-119.565900000
65	1.000000000	2.834139265	1.000000000	0	1	'NA-154 Gas Transmission Co.'	0	35.237800000	-119.560400000
67	1.000000000	2.834139265	1.000000000	0	1	'NA-154 Gas Transmission Co.'	0	35.194900000	-119.529900000
68	1.000000000	2.834139265	1.000000000	0	1	'NA-154 Gas Transmission Co.'	0	35.216400000	-119.558500000
69	1.000000000	2.834139265	1.000000000	0	1	'NA-154 Gas Transmission Co.'	0	35.148400000	-119.438900000
71	1.000000000	2.834139265	1.000000000	0	1	'NA-154 Gas Transmission Co.'	0	35.192900000	-119.526900000
73	1.000000000	2.834139265	1.000000000	0	1	'NA-154 Gas Transmission Co.'	0	35.188100000	-119.519900000
80	1.000000000	2.834139265	1.000000000	0	1	'NA-154 Gas Transmission Co.'	0	35.286700000	-119.597100000
87	1.000000000	2.834139265	1.000000000	0	1	'NA-154 Gas Transmission Co.'	0	35.059800000	-119.106000000
89	1.000000000	2.834139265	1.000000000	0	1	'NA-154 Gas Transmission Co.'	0	35.048400000	-118.928200000
91	1.000000000	2.834139265	1.000000000	0	1	'NA-154 Gas Transmission Co.'	0	35.048400000	-118.928000000
95	1.000000000	2.834139265	1.000000000	0	1	'NA-154 Gas Transmission Co.'	0	35.307300000	-119.629600000
96	1.000000000	2.834139265	1.000000000	0	1	'NA-154 Gas Transmission Co.'	0	35.307500000	-119.629600000
100	1.000000000	2.834139265	1.000000000	0	1	'NA-154 Gas Transmission Co.'	0	35.110300000	-118.594500000
101	1.000000000	2.834139265	1.000000000	0	1	'NA-154 Gas Transmission Co.'	0	36.042400000	-115.396100000
102	1.000000000	2.834139265	1.000000000	0	1	'NA-154 Gas Transmission Co.'	0	36.060600000	-115.381600000
103	1.000000000	2.834139265	1.000000000	0	1	'NA-154 Gas Transmission Co.'	0	36.252200000	-115.307200000
104	1.000000000	2.834139265	1.000000000	0	1	'NA-154 Gas Transmission Co.'	0	36.283600000	-115.056600000
108	1.000000000	2.834139265	1.000000000	0	1	'NA-154 Gas Transmission Co.'	0	35.364400000	-118.894900000
109	1.000000000	2.834139265	1.000000000	0	1	'NA-154 Gas Transmission Co.'	0	35.384600000	-118.956500000
110	1.000000000	2.834139265	1.000000000	0	1	'NA-154 Gas Transmission Co.'	0	35.386100000	-118.964500000
111	1.000000000	2.834139265	1.000000000	0	1	'NA-154 Gas Transmission Co.'	0	35.387700000	-118.972700000
112	1.000000000	2.834139265	1.000000000	0	1	'NA-154 Gas Transmission Co.'	0	35.388300000	-118.975900000
115	1.000000000	2.834139265	1.000000000	0	1	'NA-154 Gas Transmission Co.'	0	35.369500000	-118.902200000
116	1.000000000	2.834139265	1.000000000	0	1	'NA-154 Gas Transmission Co.'	0	35.381500000	-118.941000000
123	1.000000000	2.834139265	1.000000000	0	1	'NA-154 Gas Transmission Co.'	0	36.433400000	-114.911800000
124	1.000000000	2.834139265	1.000000000	0	1	'NA-154 Gas Transmission Co.'	0	36.434000000	-114.902700000
125	1.000000000	2.834139265	1.000000000	0	1	'NA-154 Gas Transmission Co.'	0	36.434700000	-114.894400000
126	1.000000000	2.834139265	1.000000000	0	1	'NA-154 Gas Transmission Co.'	0	36.441400000	-114.831000000
128	1.000000000	2.834139265	1.000000000	0	1	'NA-154 Gas Transmission Co.'	0	36.434600000	-114.895500000
131	1.000000000	2.834139265	1.000000000	0	1	'NA-154 Gas Transmission Co.'	0	36.649500000	-114.539300000
132	1.000000000	2.834139265	1.000000000	0	1	'NA-154 Gas Transmission Co.'	0	36.607600000	-114.498200000
133	1.000000000	2.834139265	1.000000000	0	1	'NA-154 Gas Transmission Co.'	0	34.599600000	-117.360400000
